Edge	12	19	37	0	0	0	147	-1
	Sequence	+edge_7_0_+disjointig_2_1595177_2156177 561000 2 3332506 1595177 2156177
Edge	13	2	21	0	0	0	147	-1
	Sequence	-edge_7_0_+disjointig_2_1595177_2156177 561000 -2 3332506 1176328 1737328
Edge	14	27	35	0	0	0	108	-1
	Sequence	+edge_8_0_+disjointig_2_855748_1126561 270813 2 3332506 855748 1126561
Edge	15	60	39	0	0	0	108	-1
	Sequence	-edge_8_0_+disjointig_2_855748_1126561 270813 -2 3332506 2205944 2476757
Edge	16	20	7	0	0	0	146	-1
	Sequence	+edge_9_0_-disjointig_2_1742278_1819065 76787 -2 3332506 1742278 1819065
Edge	17	4	61	0	0	0	146	-1
	Sequence	-edge_9_0_-disjointig_2_1742278_1819065 76787 2 3332506 1513440 1590227
Edge	24	41	40	0	0	0	166	-1
	Sequence	+edge_13_0_+disjointig_2_1132829_1213975 81146 2 3332506 1132829 1213975
Edge	25	29	54	0	0	0	166	-1
	Sequence	-edge_13_0_+disjointig_2_1132829_1213975 81146 -2 3332506 2118530 2199676
Edge	26	41	8	0	0	0	111	-1
	Sequence	+edge_14_0_+disjointig_4_3385_423126 419741 4 1225109 3385 423126
Edge	27	9	54	0	0	0	111	-1
	Sequence	-edge_14_0_+disjointig_4_3385_423126 419741 -4 1225109 801982 1221723
Edge	30	6	36	0	0	0	151	-1
	Sequence	+edge_16_0_-disjointig_2_1824339_1862488 38149 -2 3332506 1824339 1862488
Edge	31	62	5	0	0	0	151	-1
	Sequence	-edge_16_0_-disjointig_2_1824339_1862488 38149 2 3332506 1470017 1508166
Edge	34	38	48	0	0	1	187	-1
	Sequence	+edge_18_0_+disjointig_2_1215868_1219216 3348 2 3332506 1215868 1219216
	Sequence	+edge_18_1_+disjointig_2_1311957_1315054 3097 2 3332506 1311957 1315054
	Sequence	+edge_18_2_+disjointig_2_1466839_1470017 3178 2 3332506 1466839 1470017
	Sequence	+edge_18_3_+disjointig_2_1510256_1513440 3184 2 3332506 1510256 1513440
	Sequence	+edge_18_4_+disjointig_2_2383675_2386954 3279 2 3332506 2383675 2386954
	Sequence	+edge_18_5_-disjointig_3_448793_451973 3180 -3 453439 448793 451973
	Sequence	+edge_18_6_-disjointig_4_2605_5785 3180 -4 1225109 2605 5785
Edge	35	49	25	0	0	1	187	-1
	Sequence	-edge_18_0_+disjointig_2_1215868_1219216 3348 -2 3332506 2113289 2116637
	Sequence	-edge_18_1_+disjointig_2_1311957_1315054 3097 -2 3332506 2017451 2020548
	Sequence	-edge_18_2_+disjointig_2_1466839_1470017 3178 -2 3332506 1862488 1865666
	Sequence	-edge_18_3_+disjointig_2_1510256_1513440 3184 -2 3332506 1819065 1822249
	Sequence	-edge_18_4_+disjointig_2_2383675_2386954 3279 -2 3332506 945551 948830
	Sequence	-edge_18_5_-disjointig_3_448793_451973 3180 3 453439 1465 4645
	Sequence	-edge_18_6_-disjointig_4_2605_5785 3180 4 1225109 1219323 1222503
Edge	36	25	26	0	0	1	138	-1
	Sequence	+edge_19_0_-disjointig_2_2020548_2022805 2257 -2 3332506 2020548 2022805
	Sequence	+edge_19_1_-disjointig_2_1865666_1867721 2055 -2 3332506 1865666 1867721
	Sequence	+edge_19_2_-disjointig_2_948830_950883 2053 -2 3332506 948830 950883
Edge	37	34	38	0	0	1	138	-1
	Sequence	-edge_19_0_-disjointig_2_2020548_2022805 2257 2 3332506 1309700 1311957
	Sequence	-edge_19_1_-disjointig_2_1865666_1867721 2055 2 3332506 1464784 1466839
	Sequence	-edge_19_2_-disjointig_2_948830_950883 2053 2 3332506 2381622 2383675
Edge	38	43	1	0	0	0	156	-1
	Sequence	+edge_20_0_+disjointig_2_1219216_1309700 90484 2 3332506 1219216 1309700
Edge	39	32	47	0	0	0	156	-1
	Sequence	-edge_20_0_+disjointig_2_1219216_1309700 90484 -2 3332506 2022805 2113289
Edge	40	0	65	0	0	0	150	-1
	Sequence	+edge_21_0_+disjointig_2_1315054_1464784 149730 2 3332506 1315054 1464784
Edge	41	28	63	0	0	0	150	-1
	Sequence	-edge_21_0_+disjointig_2_1315054_1464784 149730 -2 3332506 1867721 2017451
Edge	42	48	17	0	0	0	110	-1
	Sequence	+edge_22_0_+disjointig_2_2386954_3169200 782246 2 3332506 2386954 3169200
Edge	43	18	49	0	0	0	110	-1
	Sequence	-edge_22_0_+disjointig_2_2386954_3169200 782246 -2 3332506 163305 945551
Edge	46	26	3	0	0	0	130	-1
	Sequence	+edge_24_0_-disjointig_2_950883_1173192 222309 -2 3332506 950883 1173192
Edge	47	23	34	0	0	0	130	-1
	Sequence	-edge_24_0_-disjointig_2_950883_1173192 222309 2 3332506 2159313 2381622
Edge	62	58	42	0	0	0	62	-1
	Sequence	+edge_32_0_+disjointig_5_7735_14860 7125 5 21007 7735 14860
Edge	63	57	15	0	0	0	62	-1
	Sequence	-edge_32_0_+disjointig_5_7735_14860 7125 -5 21007 6146 13271
Edge	66	52	52	0	0	0	187	-1
	Sequence	+edge_34_0_+disjointig_1_16802_125860 109058 1 125869 16802 125860
Edge	67	33	33	0	0	0	187	-1
	Sequence	-edge_34_0_+disjointig_1_16802_125860 109058 -1 125869 8 109066
Edge	68	16	59	0	0	0	106	-1
	Sequence	+edge_35_0_+disjointig_2_3172369_3332498 160129 2 3332506 3172369 3332498
Edge	69	45	56	0	0	0	106	-1
	Sequence	-edge_35_0_+disjointig_2_3172369_3332498 160129 -2 3332506 7 160136
Edge	70	59	44	0	0	0	102	-1
	Sequence	+edge_36_0_+disjointig_2_18091_850794 832703 2 3332506 18091 850794
Edge	71	51	45	0	0	0	102	-1
	Sequence	-edge_36_0_+disjointig_2_18091_850794 832703 -2 3332506 2481711 3314414
Edge	72	35	41	1	0	0	74	-1
	Sequence	+edge_37_0_+disjointig_2_1126561_1132829 6268 2 3332506 1126561 1132829
	Sequence	+edge_37_1_+disjointig_3_446726_453433 6707 3 453439 446726 453433
Edge	73	54	60	1	0	0	74	-1
	Sequence	-edge_37_0_+disjointig_2_1126561_1132829 6268 -2 3332506 2199676 2205944
	Sequence	-edge_37_1_+disjointig_3_446726_453433 6707 -3 453439 5 6712
Edge	74	60	31	0	0	0	150	-1
	Sequence	+edge_38_0_-disjointig_3_6712_446736 440024 -3 453439 6712 446736
Edge	75	53	35	0	0	0	150	-1
	Sequence	-edge_38_0_-disjointig_3_6712_446736 440024 3 453439 6702 446726
Edge	76	46	24	0	0	0	136	-1
	Sequence	+edge_39_0_-disjointig_4_5785_50907 45122 -4 1225109 5785 50907
Edge	77	11	64	0	0	0	136	-1
	Sequence	-edge_39_0_-disjointig_4_5785_50907 45122 4 1225109 1174201 1219323
Edge	78	13	50	0	0	0	136	-1
	Sequence	+edge_40_0_-disjointig_4_54045_706799 652754 -4 1225109 54045 706799
Edge	79	30	12	0	0	0	136	-1
	Sequence	-edge_40_0_-disjointig_4_54045_706799 652754 4 1225109 518309 1171063
Edge	80	55	22	0	0	0	126	-1
	Sequence	+edge_41_0_+disjointig_4_426273_517493 91220 4 1225109 426273 517493
Edge	81	14	10	0	0	0	126	-1
	Sequence	-edge_41_0_+disjointig_4_426273_517493 91220 -4 1225109 707615 798835
Edge	82	40	43	0	0	0	161	-1
	Sequence	+edge_42_0_+SRR32410565.164137_1308_6541 5233 * 0 0 0
Edge	83	47	29	0	0	0	161	-1
	Sequence	-edge_42_0_+SRR32410565.164137_1308_6541 5233 * 0 0 0
Edge	84	31	46	0	0	0	143	-1
	Sequence	+edge_43_0_-SRR32410565.81100_809_6044 5235 * 0 0 0
Edge	85	64	53	0	0	0	143	-1
	Sequence	-edge_43_0_-SRR32410565.81100_809_6044 5235 * 0 0 0
Edge	86	65	62	0	0	0	150	-1
	Sequence	+edge_44_0_+SRR32410565.52740_3165_8395 5230 * 0 0 0
Edge	87	36	28	0	0	0	150	-1
	Sequence	-edge_44_0_+SRR32410565.52740_3165_8395 5230 * 0 0 0
Edge	88	39	51	0	0	0	105	-1
	Sequence	+edge_45_0_+SRR32410565.44114_656_5609 4953 * 0 0 0
Edge	89	44	27	0	0	0	105	-1
	Sequence	-edge_45_0_+SRR32410565.44114_656_5609 4953 * 0 0 0
Edge	90	21	20	0	0	0	146	-1
	Sequence	+edge_46_0_+SRR32410565.20265_1174_6125 4951 * 0 0 0
Edge	91	61	19	0	0	0	146	-1
	Sequence	-edge_46_0_+SRR32410565.20265_1174_6125 4951 * 0 0 0
Edge	92	56	18	0	0	0	108	-1
	Sequence	+edge_47_0_-SRR32410565.40118_647_3813 3166 * 0 0 0
Edge	93	17	16	0	0	0	108	-1
	Sequence	-edge_47_0_-SRR32410565.40118_647_3813 3166 * 0 0 0
Edge	94	15	30	0	0	0	99	-1
	Sequence	+edge_48_0_+SRR32410565.178233_1780_2596 816 * 0 0 0
Edge	95	50	58	0	0	0	99	-1
	Sequence	-edge_48_0_+SRR32410565.178233_1780_2596 816 * 0 0 0
Edge	96	22	57	0	0	0	94	-1
	Sequence	+edge_49_0_-SRR32410565.156348_3873_4689 816 * 0 0 0
Edge	97	42	14	0	0	0	94	-1
	Sequence	-edge_49_0_-SRR32410565.156348_3873_4689 816 * 0 0 0
Edge	98	24	13	0	0	0	136	-1
	Sequence	+edge_50_0_+SRR32410565.115285_2490_5625 3135 * 0 0 0
Edge	99	12	11	0	0	0	136	-1
	Sequence	-edge_50_0_+SRR32410565.115285_2490_5625 3135 * 0 0 0
Edge	100	10	9	0	0	0	118	-1
	Sequence	+edge_51_0_+SRR32410565.172638_1494_4640 3146 * 0 0 0
Edge	101	8	55	0	0	0	118	-1
	Sequence	-edge_51_0_+SRR32410565.172638_1494_4640 3146 * 0 0 0
Edge	102	7	6	0	0	0	148	-1
	Sequence	+edge_52_0_-SRR32410565.12321_525_5795 5270 * 0 0 0
Edge	103	5	4	0	0	0	148	-1
	Sequence	-edge_52_0_-SRR32410565.12321_525_5795 5270 * 0 0 0
Edge	104	37	23	0	0	0	138	-1
	Sequence	+edge_53_0_+SRR32410565.116919_2147_5283 3136 * 0 0 0
Edge	105	3	2	0	0	0	138	-1
	Sequence	-edge_53_0_+SRR32410565.116919_2147_5283 3136 * 0 0 0
Edge	106	1	0	0	0	0	153	-1
	Sequence	+edge_54_0_+SRR32410565.111392_1682_7029 5347 * 0 0 0
Edge	107	63	32	0	0	0	153	-1
	Sequence	-edge_54_0_+SRR32410565.111392_1682_7029 5347 * 0 0 0
